%YAML:1.0
---
calibration_time: "Fri 13 Dec 2019 04:49:28 PM EST"
image_width: 352
image_height: 288
board_width: 7
board_height: 7
square_size: 1.
flags: 0
camera_matrix: !!opencv-matrix
   rows: 3
   cols: 3
   dt: d
   data: [ 3.2591407939911772e+02, 0., 1.6944788078276940e+02, 0.,
       3.3457180179576147e+02, 1.5145085103311516e+02, 0., 0., 1. ]
distortion_coefficients: !!opencv-matrix
   rows: 5
   cols: 1
   dt: d
   data: [ 7.5097900194535119e-02, -9.3821315139293159e-03,
       -1.4302656020920144e-02, -1.1537820438335315e-02, 0. ]
avg_reprojection_error: 3.4586596950246333e+00
