%YAML:1.0
---
calibration_time: "Wed 20 Nov 2019 06:38:32 PM EST"
image_width: 1280
image_height: 800
board_width: 7
board_height: 7
square_size: 1.
flags: 0
camera_matrix: !!opencv-matrix
   rows: 3
   cols: 3
   dt: d
   data: [ 1.2202692798819828e+03, 0., 5.3248374822806227e+02, 0.,
       1.2683473620838195e+03, 4.8873225271251476e+02, 0., 0., 1. ]
distortion_coefficients: !!opencv-matrix
   rows: 5
   cols: 1
   dt: d
   data: [ 7.7125809485347682e-02, -1.0990322877995239e-01,
       2.6431317046230276e-02, -3.3023169377695123e-02, 0. ]
avg_reprojection_error: 6.1921017325909278e-01
