%YAML:1.0
---
calibration_time: "Fri 14 Feb 2020 05:32:46 PM EST"
image_width: 352
image_height: 288
board_width: 9
board_height: 6
square_size: 1.
flags: 0
camera_matrix: !!opencv-matrix
   rows: 3
   cols: 3
   dt: d
   data: [ 3.6454378031689396e+02, 0., 1.7363700754906722e+02, 0.,
       4.0102568917878710e+02, 1.3234278210634920e+02, 0., 0., 1. ]
distortion_coefficients: !!opencv-matrix
   rows: 5
   cols: 1
   dt: d
   data: [ 7.9952759165948670e-02, -2.8371550947010549e-01,
       1.8882802571045089e-03, -9.5198290183214930e-04, 0. ]
avg_reprojection_error: 1.5531849988781743e-01
