%YAML:1.0
---
calibration_time: "Wed 04 Dec 2019 06:41:25 PM EST"
image_width: 1280
image_height: 800
board_width: 7
board_height: 7
square_size: 1.
flags: 0
camera_matrix: !!opencv-matrix
   rows: 3
   cols: 3
   dt: d
   data: [ 1.2561716261726963e+03, 0., 5.6027416441935009e+02, 0.,
       1.3015862205256258e+03, 5.1855992887111620e+02, 0., 0., 1. ]
distortion_coefficients: !!opencv-matrix
   rows: 5
   cols: 1
   dt: d
   data: [ 6.3634909812339475e-05, 1.6792967276031565e-02,
       2.7623683853250914e-02, -1.7769534036910090e-02, 0. ]
avg_reprojection_error: 8.0647740529512257e-01
