%YAML:1.0
---
calibration_time: "Sun Oct 13 12:27:17 2019"
nframes: 10
image_width: 640
image_height: 480
board_width: 7
board_height: 7
square_size: 1.
flags: 0
camera_matrix: !!opencv-matrix
   rows: 3
   cols: 3
   dt: d
   data: [ 6.8665391895379776e+02, 0., 2.7551551830107934e+02, 0.,
       6.6011678847103326e+02, 2.9072695724990757e+02, 0., 0., 1. ]
distortion_coefficients: !!opencv-matrix
   rows: 5
   cols: 1
   dt: d
   data: [ 1.0436173734539955e-01, -1.9503067732881985e-01,
       2.9149906331742026e-02, -2.3820387289731348e-02, 0. ]
avg_reprojection_error: 8.0575316023927301e-01
per_view_reprojection_errors: !!opencv-matrix
   rows: 10
   cols: 1
   dt: f
   data: [ 5.42209089e-01, 6.25672817e-01, 6.41874969e-01,
       7.61534572e-01, 7.68392026e-01, 7.96188533e-01, 6.58424199e-01,
       1.09172344e+00, 1.13624263e+00, 8.21105063e-01 ]
extrinsic_parameters: !!opencv-matrix
   rows: 10
   cols: 6
   dt: d
   data: [ 8.4637811422599574e-02, 1.4294876102415770e-02,
       1.8802544209879121e-01, -1.2808831589401688e+00,
       -4.0029539661401801e+00, 1.5314420783187785e+01,
       1.0879471536431171e-01, -6.9030419876132759e-02,
       9.2805744158335507e-02, -9.0592283248395289e-01,
       -3.8962147806948977e+00, 1.5286129380971854e+01,
       1.5159385459852737e-01, -3.8440410021680060e-01,
       1.4970417742181175e-01, -5.7008610125530734e-01,
       -4.6338054362473358e+00, 1.4017702542573980e+01,
       1.5899466546614302e-01, 4.3613921614305590e-01,
       2.1831170929653487e-01, -1.3438078509980772e-01,
       -4.3861387846794972e+00, 1.6314957869201301e+01,
       -3.1544515045857263e-01, 4.3721899330350235e-02,
       2.2756594012426323e-01, 2.7911307256824763e-01,
       -5.2829060333367028e+00, 1.5431144365596971e+01,
       5.6242071320259690e-01, -3.9868610975134354e-02,
       1.6406035741321651e-01, -1.6122964321006603e-01,
       -3.6405072627769473e+00, 1.4774855745608260e+01,
       8.0814851593355330e-02, 4.5807896462841885e-01,
       2.0501048628118212e-01, 6.4122317602474665e-01,
       -4.3258658683631852e+00, 1.6314981787120448e+01,
       2.3143681734860241e-02, -3.7759566864511462e-01,
       1.7803621214733006e-01, 1.1498169738587913e+00,
       -4.3493211326421672e+00, 1.3475536280086500e+01,
       8.6449386332257024e-03, -5.7258099212578040e-01,
       2.3713391680169654e-01, 1.7685472957573301e-01,
       -4.5413529237397725e+00, 1.2885607937991132e+01,
       6.8841107469126334e-02, -4.5608040253794793e-02,
       3.2069296127654057e-01, 3.3339885304573763e-01,
       -4.3562953900123755e+00, 1.4589227538660927e+01 ]
image_points: !!opencv-matrix
   rows: 10
   cols: 49
   dt: "2f"
   data: [ 2.17201859e+02, 1.19308678e+02, 2.61336182e+02,
       1.28114517e+02, 3.04730347e+02, 1.36612411e+02, 3.48102631e+02,
       1.45291351e+02, 3.91459686e+02, 1.53586761e+02, 4.35194794e+02,
       1.61829788e+02, 4.77777832e+02, 1.70072388e+02, 2.09845154e+02,
       1.61640564e+02, 2.53663651e+02, 1.70409668e+02, 2.96691071e+02,
       1.78671066e+02, 3.39720184e+02, 1.87058868e+02, 3.82771973e+02,
       1.95410721e+02, 4.26141693e+02, 2.03615280e+02, 4.68973114e+02,
       2.11770370e+02, 2.02490173e+02, 2.03695145e+02, 2.45750336e+02,
       2.11999069e+02, 2.88684601e+02, 2.20318893e+02, 3.31683075e+02,
       2.28544144e+02, 3.74654449e+02, 2.36810730e+02, 4.17660309e+02,
       2.45074432e+02, 4.60449524e+02, 2.53242294e+02, 1.94490555e+02,
       2.45229340e+02, 2.37805252e+02, 2.53445984e+02, 2.80677673e+02,
       2.61593933e+02, 3.23755096e+02, 2.69815155e+02, 3.66699280e+02,
       2.78203644e+02, 4.09740814e+02, 2.86417450e+02, 4.52351471e+02,
       2.94444092e+02, 1.86232452e+02, 2.86539185e+02, 2.29571701e+02,
       2.94852173e+02, 2.72671326e+02, 3.02898376e+02, 3.15642883e+02,
       3.11389069e+02, 3.58685730e+02, 3.19547333e+02, 4.01681763e+02,
       3.27612518e+02, 4.44126404e+02, 3.35468414e+02, 1.77658157e+02,
       3.28539490e+02, 2.21323364e+02, 3.36595612e+02, 2.64507599e+02,
       3.44631805e+02, 3.07567810e+02, 3.52804474e+02, 3.50545563e+02,
       3.61079102e+02, 3.93524445e+02, 3.68851959e+02, 4.35806458e+02,
       3.76765076e+02, 1.69405136e+02, 3.70430481e+02, 2.12959274e+02,
       3.78462616e+02, 2.56347809e+02, 3.86409241e+02, 2.99437775e+02,
       3.94352448e+02, 3.42453033e+02, 4.01973755e+02, 3.85284241e+02,
       4.09870087e+02, 4.27650391e+02, 4.17609680e+02, 2.35396927e+02,
       1.24327339e+02, 2.79113495e+02, 1.29611603e+02, 3.22449921e+02,
       1.34719650e+02, 3.64897949e+02, 1.39776871e+02, 4.07249298e+02,
       1.44711212e+02, 4.49459961e+02, 1.49451263e+02, 4.90911072e+02,
       1.54529846e+02, 2.30751648e+02, 1.67025421e+02, 2.74738190e+02,
       1.72156158e+02, 3.17423187e+02, 1.76640732e+02, 3.60215424e+02,
       1.81615875e+02, 4.02757202e+02, 1.85957413e+02, 4.44335175e+02,
       1.90731094e+02, 4.85263245e+02, 1.95107468e+02, 2.26929016e+02,
       2.09233719e+02, 2.70382294e+02, 2.14014114e+02, 3.13457306e+02,
       2.18280365e+02, 3.55982544e+02, 2.23152740e+02, 3.98100403e+02,
       2.27207504e+02, 4.40147949e+02, 2.31611221e+02, 4.80672424e+02,
       2.35767395e+02, 2.22805939e+02, 2.51082977e+02, 2.66222717e+02,
       2.55460052e+02, 3.08985687e+02, 2.59733246e+02, 3.51819702e+02,
       2.63854858e+02, 3.93977386e+02, 2.68440796e+02, 4.35583069e+02,
       2.72150543e+02, 4.76217285e+02, 2.75767944e+02, 2.18574997e+02,
       2.92843536e+02, 2.62211853e+02, 2.96859161e+02, 3.05014496e+02,
       3.01282257e+02, 3.47534119e+02, 3.05228821e+02, 3.89568085e+02,
       3.08770844e+02, 4.31175720e+02, 3.12595520e+02, 4.71547150e+02,
       3.16166321e+02, 2.14550293e+02, 3.34920746e+02, 2.57884766e+02,
       3.38514160e+02, 3.01065460e+02, 3.42512024e+02, 3.43596497e+02,
       3.46421570e+02, 3.85475128e+02, 3.49633362e+02, 4.27006165e+02,
       3.52888214e+02, 4.67274841e+02, 3.56042389e+02, 2.10483658e+02,
       3.76831757e+02, 2.54117630e+02, 3.80344818e+02, 2.96922119e+02,
       3.83552032e+02, 3.39499420e+02, 3.86671295e+02, 3.81252533e+02,
       3.89789429e+02, 4.22721863e+02, 3.92695618e+02, 4.63348694e+02,
       3.95572083e+02, 2.47555038e+02, 7.71328430e+01, 2.91228180e+02,
       8.84000397e+01, 3.32137970e+02, 9.90498810e+01, 3.71201630e+02,
       1.09144714e+02, 4.08397552e+02, 1.18586899e+02, 4.43918335e+02,
       1.27674164e+02, 4.77548950e+02, 1.36373001e+02, 2.38322464e+02,
       1.22747055e+02, 2.82222687e+02, 1.32736755e+02, 3.23545715e+02,
       1.42188873e+02, 3.63176544e+02, 1.51055862e+02, 4.00329254e+02,
       1.59619125e+02, 4.35332611e+02, 1.67676422e+02, 4.68496979e+02,
       1.75309967e+02, 2.30207626e+02, 1.67945343e+02, 2.74416321e+02,
       1.76706909e+02, 3.16380066e+02, 1.85101166e+02, 3.55856995e+02,
       1.92908279e+02, 3.92684235e+02, 2.00329086e+02, 4.28265533e+02,
       2.07426971e+02, 4.60779968e+02, 2.13914703e+02, 2.22429199e+02,
       2.12450150e+02, 2.66540283e+02, 2.20233963e+02, 3.08650635e+02,
       2.27348160e+02, 3.48437775e+02, 2.34280838e+02, 3.85555664e+02,
       2.40741974e+02, 4.20766541e+02, 2.46672531e+02, 4.53575806e+02,
       2.52354874e+02, 2.14730637e+02, 2.57044983e+02, 2.59434998e+02,
       2.63425629e+02, 3.01213165e+02, 2.69489716e+02, 3.40908569e+02,
       2.75373810e+02, 3.77933289e+02, 2.80973297e+02, 4.13096008e+02,
       2.85894806e+02, 4.45794830e+02, 2.90293671e+02, 2.06811661e+02,
       3.01736633e+02, 2.51247879e+02, 3.06945068e+02, 2.93434021e+02,
       3.11763428e+02, 3.32809326e+02, 3.16698975e+02, 3.70214111e+02,
       3.20789337e+02, 4.05425323e+02, 3.24979736e+02, 4.38390930e+02,
       3.28752350e+02, 1.98829010e+02, 3.46614380e+02, 2.43601547e+02,
       3.50407257e+02, 2.85406281e+02, 3.54040527e+02, 3.24966553e+02,
       3.57690430e+02, 3.62258728e+02, 3.60908844e+02, 3.97672577e+02,
       3.63983917e+02, 4.31092957e+02, 3.66656555e+02, 2.68043243e+02,
       1.15856133e+02, 3.05685455e+02, 1.22196014e+02, 3.45059448e+02,
