%YAML:1.0
---
calibration_time: "Sun Oct 13 12:27:17 2019"
nframes: 10
image_width: 640
image_height: 480
board_width: 7
board_height: 7
square_size: 1.
flags: 0
camera_matrix: !!opencv-matrix
   rows: 3
   cols: 3
   dt: d
   data: [ 6.8665391895379776e+02, 0., 2.7551551830107934e+02, 0.,
       6.6011678847103326e+02, 2.9072695724990757e+02, 0., 0., 1. ]
distortion_coefficients: !!opencv-matrix
   rows: 5
   cols: 1
   dt: d
   data: [ 1.0436173734539955e-01, -1.9503067732881985e-01,
       2.9149906331742026e-02, -2.3820387289731348e-02, 0. ]
