%YAML:1.0
---
calibration_time: "Sun Oct 13 12:27:17 2019"
nframes: 10
image_width: 640
image_height: 480
board_width: 7
board_height: 7
square_size: 1.
flags: 0
camera_matrix: !!opencv-matrix
   rows: 3
   cols: 3
   dt: d
   data: [ 6.8665391895379776e+02, 0., 2.7551551830107934e+02, 0.,
       6.6011678847103326e+02, 2.9072695724990757e+02, 0., 0., 1. ]
distortion_coefficients: !!opencv-matrix
   rows: 5
   cols: 1
   dt: d
   data: [ 1.0436173734539955e-01, -1.9503067732881985e-01,
       2.9149906331742026e-02, -2.3820387289731348e-02, 0. ]
avg_reprojection_error: 8.0575316023927301e-01
per_view_reprojection_errors: !!opencv-matrix
   rows: 10
   cols: 1
   dt: f
   data: [ 5.42209089e-01, 6.25672817e-01, 6.41874969e-01,
       7.61534572e-01, 7.68392026e-01, 7.96188533e-01, 6.58424199e-01,
       1.09172344e+00, 1.13624263e+00, 8.21105063e-01 ]
extrinsic_parameters: !!opencv-matrix
   rows: 10
   cols: 6
   dt: d
   data: [ 8.4637811422599574e-02, 1.4294876102415770e-02,
       1.8802544209879121e-01, -1.2808831589401688e+00,
       -4.0029539661401801e+00, 1.5314420783187785e+01,
       1.0879471536431171e-01, -6.9030419876132759e-02,
       9.2805744158335507e-02, -9.0592283248395289e-01,
       -3.8962147806948977e+00, 1.5286129380971854e+01,
       1.5159385459852737e-01, -3.8440410021680060e-01,
       1.4970417742181175e-01, -5.7008610125530734e-01,
       -4.6338054362473358e+00, 1.4017702542573980e+01,
       1.5899466546614302e-01, 4.3613921614305590e-01,
       2.1831170929653487e-01, -1.3438078509980772e-01,
       -4.3861387846794972e+00, 1.6314957869201301e+01,
       -3.1544515045857263e-01, 4.3721899330350235e-02,
       2.2756594012426323e-01, 2.7911307256824763e-01,
       -5.2829060333367028e+00, 1.5431144365596971e+01,
       5.6242071320259690e-01, -3.9868610975134354e-02,
       1.6406035741321651e-01, -1.6122964321006603e-01,
       -3.6405072627769473e+00, 1.4774855745608260e+01,
       8.0814851593355330e-02, 4.5807896462841885e-01,
       2.0501048628118212e-01, 6.4122317602474665e-01,
       -4.3258658683631852e+00, 1.6314981787120448e+01,
       2.3143681734860241e-02, -3.7759566864511462e-01,
       1.7803621214733006e-01, 1.1498169738587913e+00,
       -4.3493211326421672e+00, 1.3475536280086500e+01,
       8.6449386332257024e-03, -5.7258099212578040e-01,
       2.3713391680169654e-01, 1.7685472957573301e-01,
       -4.5413529237397725e+00, 1.2885607937991132e+01,
       6.8841107469126334e-02, -4.5608040253794793e-02,
       3.2069296127654057e-01, 3.3339885304573763e-01,
       -4.3562953900123755e+00, 1.4589227538660927e+01 ]
