%YAML:1.0
---
calibration_time: "Sat Nov 16 20:21:08 2019"
image_width: 640
image_height: 480
board_width: 7
board_height: 7
square_size: 1.5000000000000000e+00
flags: 0
camera_matrix: !!opencv-matrix
   rows: 3
   cols: 3
   dt: d
   data: [ 7.9974961630516714e+02, 0., 2.4783695850622163e+02, 0.,
       8.5949942389233513e+02, 1.6885177221212953e+02, 0., 0., 1. ]
distortion_coefficients: !!opencv-matrix
   rows: 5
   cols: 1
   dt: d
   data: [ 7.9698743567789143e-01, -1.8316967086859244e+00,
       -2.0036078746271089e-02, -1.3485784857210642e-01, 0. ]
avg_reprojection_error: 8.1623432547680397e-01
